

Training 2010 scores:
        Recall: 14 / 24 = 0.5833333
        Precision: 14 / 113 = 0.123893805
        F1: 0.20437956

Eval 2010 scores:
        Recall: 23 / 50 = 0.46
        Precision: 23 / 237 = 0.09704641
        F1: 0.16027874

Eval 2011 scores:
        Recall: 21 / 89 = 0.23595506
        Precision: 21 / 267 = 0.07865169
        F1: 0.11797753